// Start Time: Unknown
// Update Rate: 60.0Hz
// Filter Profile: human (46.1)
// Option Flags: AHS Disabled ICC Disabled 
// Firmware Version: 4.0.2
PacketCounter	SampleTimeFine	Mat[1][1]	Mat[2][1]	Mat[3][1]	Mat[1][2]	Mat[2][2]	Mat[3][2]	Mat[1][3]	Mat[2][3]	Mat[3][3]
2821	2523560948.0	0.2503238317881525	0.026875758915430675	0.9677890642188598	0.009596455969164752	-0.9996344001217929	0.025277937534045614	0.9681146044098956	0.002959674958991576	-0.2504902254628083
2822	2523577615.0	0.2504017805597959	0.026839876640175675	0.9677698948171636	0.00963666472985264	-0.9996352187976412	0.02523022061489505	0.9680940465602337	0.003008381846111463	-0.25056908558978247
2823	2523594282.0	0.25045200661359435	0.02682111845336735	0.96775741794529	0.009796501050130912	-0.9996352008089362	0.025169304139223525	0.9680794497097844	0.003176933834436735	-0.2506233950392755
2824	2523610949.0	0.2504791986689346	0.026834441775940424	0.9677500109887582	0.009956369633996764	-0.9996343189389925	0.025141581157272275	0.9680707834336698	0.003337833721165029	-0.25065477679104836
2825	2523627616.0	0.2504913510867311	0.02684733568323354	0.9677465079231524	0.010067721724100365	-0.9996335948357538	0.025126023462425817	0.9680664873912486	0.0034491509767002326	-0.25066986126678625
2826	2523644283.0	0.2505058460453905	0.026861310480578174	0.9677423681416191	0.010081490042868624	-0.9996331841380632	0.025136840066172006	0.9680625933562347	0.003459359660797745	-0.2506847585617016
2827	2523660950.0	0.2505063368380987	0.026884996016874427	0.9677415833749885	0.010083312717416193	-0.9996325621552209	0.025160832331840743	0.9680624473703128	0.0034550930755705145	-0.25068538115183214
2828	2523677617.0	0.25046964670623434	0.026950819425094766	0.9677492492434031	0.010222727406801246	-0.9996303394352313	0.025192862579919595	0.9680704787995658	0.003582989383240698	-0.25065256883554804
2829	2523694284.0	0.25042233724288104	0.026977810467464572	0.9677607404478623	0.010305026532711925	-0.9996293241234507	0.02519961866087339	0.9680818454231921	0.003662252704946911	-0.25060751877617765
2830	2523710951.0	0.2503981750559642	0.02696778121945395	0.9677672719743845	0.010187043143883412	-0.9996300221411368	0.025219892666200172	0.968089344059022	0.003543671854117636	-0.2505802552260712
2831	2523727618.0	0.2503976416502899	0.02698412841512296	0.9677669543178511	0.010189117423341165	-0.999629588355605	0.02523624318589851	0.9680894601957544	0.00354159535811166	-0.2505798359010816
2832	2523744285.0	0.25042995635657544	0.02700521086303352	0.967758004640358	0.010319736592643347	-0.9996285553380253	0.0252240835209393	0.9680797177897605	0.0036701415580270846	-0.25061562214882344
2833	2523760952.0	0.2504777448300444	0.02702069218635482	0.9677452048647031	0.01028992793686262	-0.9996282687907623	0.025247606172433434	0.968067671564292	0.003634064962873884	-0.25066267541047327
2834	2523777619.0	0.2505238389851052	0.027049000429144265	0.9677324824950073	0.010268414002929827	-0.9996276146612639	0.025282240416871382	0.9680559724385929	0.0036032738469626846	-0.25070829791523525
2835	2523794286.0	0.25056785817004135	0.02705138646119809	0.9677210191695773	0.010401924495363646	-0.9996270503884158	0.025249952446463275	0.968043154213112	0.0037393344705725085	-0.2507557954641257
2836	2523810953.0	0.25058586511757924	0.027034027175757744	0.9677168416318562	0.010354908370448446	-0.9996276856142947	0.02524412854603192	0.9680389971875689	0.0036947974327907196	-0.25077250326943074
2837	2523827620.0	0.2505968100487622	0.027025122779972113	0.9677142561376846	0.010371882666896814	-0.9996278539680362	0.025230489912063503	0.9680359822048605	0.003714338431812847	-0.25078385284281224
2838	2523844287.0	0.2505842374950189	0.02703525851228475	0.967717228696593	0.010437218942041915	-0.9996273355784839	0.02522408422554162	0.9680385345531427	0.0037795186777248024	-0.25077302657735917
2839	2523860954.0	0.250571698553757	0.027020550118971448	0.9677208862865126	0.01045248190127801	-0.9996276577879726	0.025204987749166796	0.9680416155858118	0.003799428457063103	-0.2507608319443272
2840	2523877621.0	0.25056103558045784	0.027023335498539955	0.9677235694078046	0.010519304858501388	-0.9996273195248976	0.025190599134639835	0.9680436517400145	0.003867996639290272	-0.25075192307907845
2841	2523894288.0	0.25056437484953037	0.0269984793558897	0.9677233985849126	0.01063173612228624	-0.9996275098470431	0.025135786123088866	0.9680415591508921	0.003990447276833509	-0.2507580827954319
2842	2523910955.0	0.25057581708399845	0.026976538862493224	0.9677210477424198	0.010633528681328275	-0.9996280733002187	0.025112609141142828	0.9680385777232587	0.003997676962041119	-0.2507694770470226
2843	2523927622.0	0.2505703921477295	0.026936318958593997	0.9677235727726663	0.010523744289817782	-0.9996295637132229	0.025099525028066505	0.9680411816576069	0.0038948775940840785	-0.25076104271491517
2844	2523944289.0	0.2505129768340572	0.026914244493859804	0.9677390515428548	0.010570572385212362	-0.9996299400661621	0.025064834385459867	0.9680555311743166	0.003950489418576286	-0.25070477098804006
2845	2523960956.0	0.25046815611792933	0.02687390474227523	0.9677517739662312	0.010551546376416143	-0.9996310569475603	0.025028281102980443	0.9680673363149646	0.003942490305198998	-0.25065930888407567
2846	2523977623.0	0.25035637990303095	0.0268237205905488	0.9677820886209508	0.010398984847492077	-0.9996329530871395	0.025016398950024887	0.9680979000886177	0.0038009361959053245	-0.25054342683064706
2847	2523994290.0	0.25023483220702636	0.026778629990836883	0.9678147724260748	0.01028273512134903	-0.9996345561894165	0.025000388605226576	0.968130566663787	0.0036958149036468435	-0.2504187429955123
2848	2524010957.0	0.2501063420686689	0.02676502662389177	0.9678483615767776	0.010251386106348959	-0.9996350141795526	0.02499494967278365	0.9681641011419133	0.0036703918140703617	-0.25028943542227794
2849	2524027624.0	0.2500072667343688	0.026705711775447116	0.967875597139724	0.01001683431810152	-0.9996373986049105	0.02499468624830775	0.9681921449847928	0.0034461963052596634	-0.25018412044086996
2850	2524044291.0	0.2498696215141678	0.02659221923454015	0.9679142658937044	0.009450132232047881	-0.9996421750149892	0.02502432680610006	0.9682333743706439	0.002894098734294026	-0.2500315119087049
2851	2524060958.0	0.24971870216770198	0.02654944466544089	0.9679543877557637	0.009188276459384248	-0.9996440184204636	0.02504819378505191	0.9682748294587568	0.0026388300711256973	-0.24987375054709376
2852	2524077625.0	0.24960777063899378	0.026578262754544474	0.9679822089199688	0.009396922282541798	-0.9996426735764303	0.025024448377190478	0.9683014296634326	0.0028497568172028975	-0.2497683330565254
2853	2524094292.0	0.24961932585433472	0.026548439424714423	0.9679800475857652	0.009439164127860833	-0.99964331938645	0.024982717758636364	0.9682980400375678	0.002900753376736731	-0.24978088655710357
2854	2524110959.0	0.24978276072544578	0.026465717037642777	0.967940152212965	0.009225848474683773	-0.9996460819518427	0.024951844786546995	0.9682579491872487	0.0026975285009026018	-0.24993852679346956
2855	2524127626.0	0.2500915371506712	0.026336585432245554	0.9678639404964856	0.008953081437140797	-0.999650151538219	0.024888086756427064	0.9681808020087954	0.002441064805682902	-0.25023983660524574
2856	2524144293.0	0.25050965007609616	0.026266324391809773	0.9677577152478279	0.008960113746665721	-0.9996519649868381	0.024812602838083175	0.9680726375538142	0.0024554227533885586	-0.2506578132009923
2857	2524160960.0	0.2509612266433054	0.026238703144190245	0.967641459001731	0.009151154314064769	-0.9996521989784666	0.02473332675231138	0.9679538827322341	0.0026479302912818525	-0.251114056493787
2858	2524177627.0	0.25142926721281067	0.02619733075475729	0.9675210713210098	0.009171468685719053	-0.9996532325242511	0.024683979945756274	0.9678322208683569	0.002667314218736838	-0.2515823477191566
2859	2524194294.0	0.2518996205168435	0.02614762131830782	0.9674000636152886	0.009107884403783406	-0.9996547056472496	0.02464783801873588	0.9677105081713009	0.0026021869081405136	-0.25205079051282026
2860	2524210961.0	0.252341645178538	0.0260960679935055	0.9672862499507927	0.009028656233957433	-0.9996562579036332	0.02461400822121612	0.9675960817795813	0.0025221557016598117	-0.2524905171593951
2861	2524227628.0	0.2527352795347613	0.026114758944257938	0.9671829701994185	0.009199830217529847	-0.9996553489428308	0.024587526389528103	0.9674917268909613	0.0026837837599952286	-0.2528884254019446
2862	2524244295.0	0.2531153483918144	0.026155031186083186	0.9670824860125147	0.0092635798612406	-0.9996541733025073	0.02461137718689277	0.9673917544080293	0.002729128530521374	-0.2532701035669607
2863	2524260962.0	0.25347525421769235	0.026210713560726767	0.9669867082819257	0.00934807646669128	-0.9996525401868375	0.024645737245543253	0.9672967016203711	0.0027923811775969476	-0.2536322015078328
2864	2524277629.0	0.2539221490536675	0.026249091830315874	0.9668684126591638	0.009317619644752695	-0.9996516807438518	0.024692086792094448	0.9671797786265608	0.0027390443728155245	-0.2540782821332846
2865	2524294296.0	0.2543903571665772	0.02625482524954649	0.9667451734204714	0.009012936631210167	-0.9996523770677226	0.024776843950226335	0.9670596223366703	0.0024102228046083973	-0.25453855832091343
2866	2524310963.0	0.25484544217124167	0.02623820853798324	0.9666257585111531	0.00869841599694382	-0.9996535604266779	0.024841430824549093	0.9669426757381685	0.0020773875382428253	-0.2549853844778706
2867	2524327630.0	0.2552885089663026	0.026237080049074962	0.9665088684643617	0.008510329856406706	-0.9996539968111198	0.024888972363055595	0.9668274672740206	0.0018714406355062052	-0.2554234645338023
2868	2524344297.0	0.25563979639980894	0.026266257519961894	0.9664152203957463	0.008520920834520107	-0.9996532420355326	0.024915649619874802	0.9667345490902846	0.0018653159902737304	-0.25577496396531935
2869	2524360964.0	0.25597430902147944	0.02629195153009392	0.9663259731610838	0.008464685839829067	-0.999652701719224	0.024956462872156526	0.9666465239241331	0.0017914324423551342	-0.25610796269385183
2870	2524377631.0	0.25632746654647476	0.026318010139538647	0.9662316452260094	0.00812369044480371	-0.9996526092047406	0.025073224039019737	0.9665558626108596	0.0014224107877154335	-0.2564522201115212
2871	2524394298.0	0.2566495007029358	0.026320255665301245	0.9661460955417909	0.0075646853549811155	-0.9996532133494881	0.025223571823267454	0.9664749398325929	0.0008349741053309545	-0.25675960253480207
2872	2524410965.0	0.25698383996978613	0.026357346353963765	0.9660562076233248	0.006947707990157426	-0.9996525689753755	0.02542578798416195	0.9663907260254863	0.0001778598022181832	-0.2570776789568163
2873	2524427632.0	0.25732449807772684	0.026309354332148163	0.9659668320204746	0.00570994338913422	-0.9996532447974944	0.02570577196533752	0.9663081802590409	-0.0010991089420626654	-0.2573854943931274
2874	2524444299.0	0.2576978255223086	0.026186200562884537	0.965870650564119	0.004016361061880747	-0.9996530804412664	0.02603051302045145	0.9662172113789397	-0.002828721330861317	-0.2577135983426911
2875	2524460966.0	0.25814454851553387	0.026098884633022706	0.9657537161681663	0.0023686650046328417	-0.9996491348920975	0.026381746257145955	0.9661034010383189	-0.004522756946020667	-0.25811579411535474
2876	2524477633.0	0.258629811467912	0.02606545760901302	0.9656247783376861	0.0009804225995398985	-0.9996424464548157	0.026721115570976783	0.9659760138800544	-0.005964156726976033	-0.2585628926256384
2877	2524494300.0	0.2591818002025839	0.026036096039892806	0.9654775585930258	-0.0007004042146451228	-0.9996312573075119	0.027145144091335338	0.9658282993771119	-0.007711751863534788	-0.259067993016334
2878	2524510967.0	0.25977356582497085	0.02600185068413255	0.9653194280959952	-0.0027124497887877075	-0.9996138322329235	0.027655542387585552	0.9656657481316828	-0.009802559339698314	-0.2596027209327145
2879	2524527634.0	0.26041136258831993	0.026040848046056428	0.9651465155446279	-0.004564483472375758	-0.9995918288781536	0.02820179303977427	0.9654869692158071	-0.011749462671545807	-0.2601862071697978
2880	2524544301.0	0.2610669818626731	0.026159291650028768	0.964966176838071	-0.006399352519665169	-0.9995638873782025	0.028828516033692353	0.9652994764675072	-0.013701332407636158	-0.26078572472781497
2881	2524560968.0	0.2616671279179698	0.026370963996267205	0.9647978474401094	-0.008015746273231872	-0.9995328059542883	0.029494366120163484	0.9651248944975175	-0.015451280822464442	-0.26133349563747327
2882	2524577635.0	0.2622437589661464	0.026645035693847352	0.9646337403160743	-0.009261892709572617	-0.9995031937098775	0.03012612001555276	0.9649572157493524	-0.016834721162785005	-0.26186669115530753
2883	2524594302.0	0.26281982050807534	0.02698302849547833	0.9644675516165981	-0.010313395256462687	-0.9994731952062524	0.030772811741672512	0.964789809143104	-0.018034639930329888	-0.2624030791286497
2884	2524610969.0	0.2634387424006237	0.02735612011327787	0.9642881683888516	-0.011362378843608856	-0.9994405041693746	0.03145751059255958	0.9646092086173512	-0.019243734513201827	-0.26298051892220703
2885	2524627636.0	0.2640645194926621	0.027769448399746918	0.9641051743874646	-0.01258560209073789	-0.9994011312533615	0.032233235480091105	0.9644229010994726	-0.020645497937206214	-0.26355688427700336
2886	2524644303.0	0.264654478636542	0.02825180049935319	0.9639293764099965	-0.013786753019998932	-0.9993577643321944	0.03307543363470494	0.9642447471356977	-0.022043017885556626	-0.2640950074948623
2887	2524660970.0	0.26519178720477277	0.028826726509047787	0.9637646682867718	-0.014706925970138784	-0.9993157634336589	0.03393687200541745	0.964083514187255	-0.02317379536838504	-0.2645863807541439
2888	2524677637.0	0.2656154183305223	0.029597876978848053	0.9636246236078896	-0.015023980192326258	-0.9992801673157123	0.034834282376169645	0.9639619959128485	-0.023729999743512586	-0.2649795417534922
2889	2524694304.0	0.26594470630947675	0.030553804594183623	0.9635039585859453	-0.014839601497969146	-0.9992493879068449	0.0357833340422285	0.9638740578588822	-0.023814403049765565	-0.26529167871238574
2890	2524710971.0	0.2662671149966055	0.03154329945471486	0.9633830202629143	-0.014797598120452782	-0.999212853138189	0.03680632029021341	0.9637856891245327	-0.024056067487234822	-0.26559075860390846
2891	2524727638.0	0.2665689685684456	0.032634876026051224	0.9632631778818909	-0.014971505132247764	-0.9991657924828423	0.03799438335081545	0.9636995584882406	-0.024549623192585135	-0.2658580015171106
2892	2524744305.0	0.26692746224602815	0.03377447928998635	0.963124610031114	-0.015737576771960082	-0.9990996709636577	0.0393976669062685	0.963588116664087	-0.025673566737033193	-0.2661556112404118
2893	2524760972.0	0.267318550391897	0.034968152502152	0.9629735307509554	-0.016931744467121035	-0.9990166100653395	0.04097717465684908	0.9634594483659782	-0.027258780679701	-0.26646360019743975
2894	2524777639.0	0.26758155654753946	0.03638505625783768	0.9628479829530256	-0.017568471866546587	-0.99893639955751	0.04263119087420536	0.9633750356906029	-0.028323088111866623	-0.26665772684836486
2895	2524794306.0	0.26771940687096374	0.0379873224134301	0.9627477772088169	-0.017755507185022168	-0.998858277252055	0.04434956515750388	0.9633333074015775	-0.028967314354547358	-0.26673926135802134
2896	2524810973.0	0.2678133681264407	0.03977384038135438	0.9626494904554256	-0.017907905218649656	-0.9987694451248768	0.04624826932573739	0.9633043687139864	-0.029624940612001605	-0.26677154291693844
2897	2524827640.0	0.26788674005109836	0.04158628866323297	0.9625524791407551	-0.018743986912640898	-0.9986539531783002	0.04836263801709251	0.9632680610605826	-0.030997780510414574	-0.2667466591056281
2898	2524844307.0	0.26790245801379947	0.04353309798007922	0.962462021261318	-0.020370183633610373	-0.9984993963822758	0.05083316872834054	0.9632306725851797	-0.03322385896442143	-0.26661366541611264
2899	2524860974.0	0.26779507927087054	0.04562562157741619	0.9623949803349885	-0.022092109117264558	-0.9983247075714854	0.053476321555050055	0.9632225777218157	-0.03558203068941751	-0.2663384779917433
2900	2524877641.0	0.26760621297228804	0.04779147597576654	0.962342397280037	-0.02419069259723078	-0.9981210651783632	0.05629520085119477	0.9632246493784807	-0.038344674614186114	-0.26594728943615037
2901	2524894308.0	0.26734007821080585	0.050117146919254146	0.9622980589021857	-0.027115750043812892	-0.9978598119293041	0.05950236832240979	0.9632206490113269	-0.04200080143387924	-0.26540895613582854
2902	2524910975.0	0.2670492352153766	0.05253208562436951	0.9622500121854175	-0.03076984935933702	-0.9975392029329948	0.06299805538434611	0.9631915294173252	-0.04643187043141106	-0.26477567687941905
2903	2524927642.0	0.26666065059124344	0.05525695658257612	0.9622051580486805	-0.033853184890642596	-0.9972020462441447	0.06664863718975067	0.9631957533642965	-0.0503462780721905	-0.26404392245469865
2904	2524944309.0	0.26628172309002784	0.05817328372451479	0.9621381984979669	-0.03757622327653093	-0.996791874601088	0.07066814114946918	0.9631625363314742	-0.05497115416248877	-0.26324152563295533
2905	2524960976.0	0.2659084670299326	0.06103362731799711	0.962064230443165	-0.04264076924419896	-0.9962722268596915	0.07498943116396173	0.9630547502401171	-0.06096348353268061	-0.2623146997701547
2906	2524977643.0	0.26559448285534515	0.06378016757704007	0.9619727963412721	-0.04931679984930598	-0.9956041130190797	0.07962602207893427	0.9628226336815235	-0.06858965201352263	-0.261281525767205
2907	2524994310.0	0.2652643349836353	0.06641074890187822	0.9618858794139675	-0.057760157058531714	-0.9947388012061823	0.08460781070008411	0.9624440746569453	-0.07800211410711361	-0.26003283129742927
2908	2525010977.0	0.2648558166480038	0.06945482848108275	0.96178345961468	-0.06271520435841965	-0.9940502635958564	0.08905546915990403	0.9622464338879106	-0.08390530522959988	-0.25892412059197384
2909	2525027644.0	0.26474117830582533	0.07178599377398096	0.9616438423902716	-0.06980482120411075	-0.993182579467632	0.09335764981341055	0.9617896835825936	-0.09184299069555191	-0.2579253179007277
2910	2525044311.0	0.2650404373901968	0.07267480171501935	0.9614946384373113	-0.08256843344994469	-0.9917824255087941	0.09772448132129186	0.9606955919257856	-0.105290045339415	-0.2568618033238666
2911	2525060978.0	0.26574043411176906	0.07297042769665706	0.9612790117129656	-0.09657241834756175	-0.9901006447299476	0.10185519780475616	0.9591953866093146	-0.11990008334905122	-0.25606284447435657
2912	2525077645.0	0.26691152082091635	0.07245119110140122	0.9609937902822545	-0.10954049616765082	-0.9884268723197345	0.10494378388247644	0.9574753885883491	-0.1332784415583229	-0.2558861802899373
2913	2525094312.0	0.2683970186812427	0.07038737580643241	0.9607333957399967	-0.1264174853833488	-0.9861280068540808	0.10756474091145674	0.9549773085012919	-0.15032355578911127	-0.2557756220255294
2914	2525110979.0	0.27005647244571446	0.06783882377564357	0.9604516623333599	-0.14231098552986665	-0.9837467228428871	0.1094987154874349	0.9522694393330573	-0.16625365946233273	-0.2560129598822831
2915	2525127646.0	0.271626437831416	0.0654221665411504	0.9601765558458912	-0.15266117340006474	-0.9821260591227645	0.11010436016844916	0.9502176826428412	-0.1764889348289298	-0.2567839782303767
2916	2525144313.0	0.2732340337422947	0.06314157100516586	0.9598730670333	-0.1595231772916385	-0.9810528280098665	0.10994409743421235	0.9486282299782645	-0.18316247067792762	-0.25798447748549186
2917	2525160980.0	0.27523548499463085	0.05965149605970679	0.9595244274210062	-0.17047215617155492	-0.9792285467769335	0.10977566737376959	0.9461419934502389	-0.19378635709196418	-0.25934952484057966
2918	2525177647.0	0.27766993994117206	0.05502132502113996	0.959099608093958	-0.18537966272372847	-0.9765256675284752	0.1096904795618226	0.942620700547947	-0.20825531073896786	-0.2609519887786131
2919	2525194314.0	0.28021790853740275	0.04963655649721899	0.9586522497725765	-0.1991168812585865	-0.9739362723841269	0.10863058930322456	0.9390582470394357	-0.22132408272397797	-0.2630309089700525
2920	2525210981.0	0.28241831556999364	0.0447520251870448	0.9582469156080105	-0.2080847504365652	-0.9722697607013477	0.10673447925340857	0.9364510834348794	-0.22954034213488933	-0.26527457410433836
2921	2525227648.0	0.2839866220206686	0.040510022839279305	0.9579720959207796	-0.21448940027043661	-0.9711038681193447	0.10464977064129216	0.934529772497869	-0.23519399518951967	-0.2670915366346789
2922	2525244315.0	0.2845658162002911	0.036595305821083016	0.9579577651661495	-0.21994947895723033	-0.9701221968284157	0.10239702108582688	0.9330833419136284	-0.23984100319309415	-0.26801449630686985
2923	2525260982.0	0.28387399996683144	0.03330424059359639	0.9582830373649092	-0.2243191214778832	-0.9693570009974115	0.10013958436450476	0.9322534440173567	-0.24338823343742189	-0.2677044712775433
2924	2525277649.0	0.28199162404516714	0.031098599138297725	0.9589127181865953	-0.22372791809187131	-0.9697883446180169	0.0972439474174277	0.9329665281427014	-0.24195752473250765	-0.26651456543812374
2925	2525294316.0	0.27929889175722555	0.029401461545896013	0.9597539700997078	-0.22055059161911927	-0.9708428078887095	0.09392379308366411	0.9345317360045307	-0.23790711723219138	-0.26467081057537545
2926	2525310983.0	0.2762548508559382	0.027563811160093793	0.9606890723292807	-0.21725508968339596	-0.9719235203847854	0.09035981700681406	0.9362069661059048	-0.23367692833734371	-0.2625102089016749
2927	2525327650.0	0.2733444289481324	0.02515937080683911	0.9615871407332899	-0.21472738368266026	-0.9728366375213636	0.08649293261837648	0.9376433084386726	-0.23012145218716884	-0.2605170692746439
2928	2525344317.0	0.2705990971569554	0.021602208583972535	0.9624497250257465	-0.2151956209659598	-0.9730931012145425	0.0823447696319517	0.938332016577776	-0.2293973865434364	-0.2586694139478529
2929	2525360984.0	0.26826635881720234	0.017061338046569258	0.9631936832595096	-0.21801452234397267	-0.9728273332695665	0.07795285556509846	0.9383511223279319	-0.23090233950240602	-0.2572572269893038
2930	2525377651.0	0.26652320141768454	0.011470955105351108	0.9637602400467866	-0.2237223302927302	-0.9718823661269181	0.07343694805705142	0.9375039744099538	-0.2351873372452576	-0.2564628908146879
2931	2525394318.0	0.2652296820112236	0.004782864908407944	0.9641733972597945	-0.23210888270580043	-0.9702633108579679	0.06866275680454181	0.9358304773564978	-0.24200461112590926	-0.2562324839759924
2932	2525410985.0	0.2642369764885166	-0.002309113185394812	0.9644550213734719	-0.2411660929854867	-0.968387426879568	0.0637550551382785	0.9338188988504799	-0.24944029237047183	-0.2564406455533343
2933	2525427652.0	0.2634639441485398	-0.009648334042190662	0.9646209928173375	-0.24999841461702582	-0.9664704536465175	0.058614459967388566	0.9317121566356581	-0.2565965157177806	-0.2570421858349832
2934	2525444319.0	0.26275314460538435	-0.01613683770220571	0.9647281417419908	-0.2542688022293132	-0.9656747767085796	0.05309992317984724	0.930756768018827	-0.2592524408714563	-0.2578371786405903
2935	2525460986.0	0.26201065521314365	-0.021849443314223685	0.9648176088679342	-0.2519708814434519	-0.9666152527404206	0.046536309202418635	0.9315906243943148	-0.25529895220394405	-0.2587689192004696
2936	2525477653.0	0.2610593242078601	-0.027661196075001032	0.964926363758311	-0.2507226542811945	-0.967227844604267	0.040105451654073976	0.9321942822579039	-0.2523988012132486	-0.2594391359679317
2937	2525494320.0	0.259885908513999	-0.03364882857813714	0.9650528850229774	-0.2505775870786949	-0.9675082030094446	0.03374536950833601	0.9325610904437691	-0.2505905693452054	-0.2598733906069904
2938	2525510987.0	0.2584747505967182	-0.039497695409403566	0.9652102026819392	-0.24894024717809832	-0.968141130012203	0.02704636229887536	0.9333914273437869	-0.2472704681842146	-0.2600726031805113
2939	2525527654.0	0.2568245170211471	-0.04519436990195544	0.9654007646495936	-0.24488586288426678	-0.969350381431366	0.01976745249883305	0.9349182218869643	-0.24148976572109782	-0.2600204058063264
2940	2525544321.0	0.2551108930313306	-0.05100514397483351	0.9655655894577352	-0.23974268256636472	-0.9707615269275605	0.012062503602270791	0.93671867623777	-0.23456456067653975	-0.25987995009615833
2941	2525560988.0	0.25333211120506405	-0.056839727789514655	0.9657080753401615	-0.23449895077750044	-0.9721068657798358	0.004299254348815507	0.9385270819303173	-0.22754666960542025	-0.25959474115406356
2942	2525577655.0	0.25147012244943234	-0.06281976066570436	0.9658242361761125	-0.22843836002737788	-0.9735507885696664	-0.003844183057904793	0.9405204374086029	-0.21966460740247667	-0.2591693791161413
2943	2525594322.0	0.2495237072095289	-0.06908157222248468	0.9659014731946957	-0.22359137012699443	-0.9746097949336003	-0.01194348459283856	0.9422021114098329	-0.21298705124667927	-0.2586342924983029
2944	2525610989.0	0.2476002298496045	-0.07544327960139886	0.9659205131590323	-0.21790844444676055	-0.9757569543142477	-0.020353769827139545	0.944039213177724	-0.2054426383941958	-0.2580373738674607
2945	2525627656.0	0.24569934906370272	-0.08232394318078314	0.9658439823536925	-0.21229415596540574	-0.9767679529281905	-0.02924991410941602	0.945813417758814	-0.19785634817119052	-0.25746814225405024
2946	2525644323.0	0.24387688094904886	-0.08992845362162179	0.965627744095926	-0.20876422371514064	-0.9772164229090685	-0.03828265525560032	0.94706998993484	-0.19225227183580507	-0.2570943370414712
2947	2525660990.0	0.24205077919837864	-0.09830373266897484	0.9652708409730425	-0.20605919787325516	-0.9773682017961205	-0.04786444494245157	0.948130279688023	-0.18731730902712923	-0.256829123110185
2948	2525677657.0	0.2400510609753734	-0.10746253231943842	0.9647939118133424	-0.20450920346460977	-0.9771475160163458	-0.05795444453496418	0.9489739057649944	-0.18339720851359498	-0.25654237483611275
2949	2525694324.0	0.23764841302365527	-0.11734640585884798	0.9642370314499175	-0.20444142039024382	-0.9764826524134184	-0.06844950813903072	0.9495930377883771	-0.18086307132100282	-0.2560500185826513
2950	2525710991.0	0.2342250142043659	-0.12806804588299586	0.9637101319093184	-0.2048437197351699	-0.9755319480650919	-0.07985279449954402	0.9503566137014169	-0.17870644624086202	-0.2547279192902461
2951	2525727658.0	0.22959725285133387	-0.13897030018392403	0.9633132186105985	-0.20429846804128388	-0.9745849658080912	-0.09190364724441968	0.9516024576676466	-0.17570258987172682	-0.2521534502505619
2952	2525744325.0	0.22318233202111004	-0.15062228408253103	0.9630693506759418	-0.20320194080263232	-0.9734734157747318	-0.10515930788056427	0.9533617455759709	-0.17222786161837184	-0.24786880754685592
2953	2525760992.0	0.2150348868662932	-0.16320670394926565	0.9628725612543011	-0.20366143404858816	-0.9717543020628352	-0.11922917723294552	0.9551345547678995	-0.17046157399364026	-0.24219998777856627
2954	2525777659.0	0.20569433580066568	-0.1763989967237202	0.9625867411170737	-0.20657425376753924	-0.9692828557791582	-0.13348341909385014	0.9565651665725172	-0.17138885450187546	-0.2358154843360114
2955	2525794326.0	0.1950488422030448	-0.18931219416839482	0.9623496465913	-0.20561188114713064	-0.967284318625198	-0.14860955983019736	0.9589993240281196	-0.16888439857172938	-0.2275925227960604
2956	2525810993.0	0.1834225181654546	-0.20208958234035387	0.962037411195295	-0.20186898489401162	-0.9655274009671799	-0.16433426581034216	0.962083724406408	-0.16406291077225293	-0.21789508608784863
2957	2525827660.0	0.17122992735218265	-0.21485449365059778	0.9615185170016809	-0.1980145566246681	-0.9635227380184105	-0.18003935315991837	0.9651272182172166	-0.1595665374683895	-0.2075282457321092
2958	2525844327.0	0.15889580496929998	-0.22674670579350517	0.9609048103610222	-0.19286555962021262	-0.9616477080910353	-0.19502964245376014	0.9682742375358029	-0.15433605196146782	-0.19653341697891147
2959	2525860994.0	0.14676138135189293	-0.2368917868067931	0.960387098146976	-0.18355967247115557	-0.9605589587797008	-0.20888354016135202	0.9719912260848689	-0.14563230428562884	-0.18445673845780658
2960	2525877661.0	0.13525041613534958	-0.24568234556287497	0.9598684857906	-0.1724995153022511	-0.959813863204394	-0.22136229403659946	0.975679887132918	-0.1356375061676584	-0.17219530993878784
2961	2525894328.0	0.1253158134210728	-0.25397913856501453	0.9590571120013595	-0.16637637082384837	-0.9583676282807811	-0.23205687297504435	0.9780668945108512	-0.130484045910769	-0.16235474623384488
2962	2525910995.0	0.1176947554897267	-0.26327347482203056	0.9575150244175531	-0.1734974967148578	-0.9548379781809642	-0.2412116374824539	0.9777763359602704	-0.13773711510853742	-0.1580567112073581
2963	2525927662.0	0.11392061168013104	-0.27281550760265116	0.955297750989676	-0.1897318701683352	-0.9498343077189887	-0.24862945385134022	0.9752045486342089	-0.15292640939843416	-0.15996750179849567
2964	2525944329.0	0.11731590235932013	-0.2797609894880935	0.9528750011487663	-0.19149003580584917	-0.9478670378733995	-0.25471483015360963	0.9744580777235587	-0.15258396794470414	-0.16477131875892853
2965	2525960996.0	0.12927456802753473	-0.2807380747725505	0.9510384952431189	-0.18190942890919481	-0.9495240657407469	-0.2555640981301791	0.9747805115692582	-0.1399649311512104	-0.17381821628532512
2966	2525977663.0	0.14924985092378742	-0.2737047597150362	0.9501632420318951	-0.16729113584219607	-0.9540630931295309	-0.2485503775831776	0.9745451030444179	-0.12185778119367874	-0.1881821545596138
2967	2525994330.0	0.16990568313263776	-0.2625459597974452	0.949842975356069	-0.15842336227001325	-0.958597669006126	-0.23662744401925534	0.9726428415026225	-0.1102729702604402	-0.2044646055033591
2968	2526010997.0	0.19100169488463126	-0.24990310670568386	0.949245379135472	-0.1701884073079613	-0.9608340089318039	-0.21870965524644292	0.9667234654073409	-0.11977664437980401	-0.22605153592032134
2969	2526027664.0	0.21177931103032543	-0.23514165251342306	0.9486084158770558	-0.18943628984736088	-0.9620928131012569	-0.1961920260045668	0.9587822565673539	-0.13815144672484092	-0.248295715346532
2970	2526044331.0	0.2315538270176946	-0.2164670761885394	0.9484328284701269	-0.19569476236004613	-0.9653645509517085	-0.17255388651274034	0.9529356668623046	-0.14564782419312566	-0.26589532927357645
2971	2526060998.0	0.25026040651509734	-0.19469185105831457	0.9484011872949051	-0.19403426454118072	-0.9697845421436782	-0.14788051258749452	0.9485359419204217	-0.14701368967094214	-0.28047556388119554
2972	2526077665.0	0.26798339138432226	-0.17028074755499228	0.9482559617288312	-0.19172908059215105	-0.9739953285388097	-0.12071892825843517	0.9441529863308415	-0.14945757590931852	-0.2936623425055802
2973	2526094332.0	0.28445780115956154	-0.1450777461544993	0.9476477230121952	-0.1914710699459209	-0.9771654439395323	-0.09212233466549397	0.939373508639259	-0.15524220670032907	-0.3057405248336908
2974	2526110999.0	0.29913791097385856	-0.12129208597629905	0.9464696192153842	-0.19570878303415407	-0.9786004673316493	-0.06355468182257112	0.9339242916112025	-0.16622080260242994	-0.31647442601372666
2975	2526127666.0	0.3112250584137426	-0.09959045269806945	0.9451035418126188	-0.19927901911075996	-0.9792226097591087	-0.03756265537491099	0.9292076385596582	-0.17664886715729178	-0.32460490164880373
2976	2526144333.0	0.3207735339453403	-0.08111719584786418	0.9436759721737101	-0.20179586383584242	-0.9793035913039683	-0.015585422608850319	0.9254095143551118	-0.18543051689764972	-0.3305037883959982
2977	2526161000.0	0.32824601134874726	-0.0668678487286703	0.9422225038917494	-0.20948076538299837	-0.9778061975919135	0.00358453419523469	0.9210713137255937	-0.19855410032845794	-0.33496851236282704
2978	2526177667.0	0.3336542107655533	-0.055906635785088976	0.9410362988289076	-0.2255413909409874	-0.9739827981100424	0.0221040710760958	0.9153174032054785	-0.21961775215343093	-0.3375827222004315
2979	2526194334.0	0.3367141963539834	-0.04615337267727551	0.9404751012994463	-0.2431774728126987	-0.9691771354810576	0.03950185789505578	0.9096638206997796	-0.242003194712889	-0.3375591608276024
2980	2526211001.0	0.3369063722438341	-0.03685904075642524	0.9408164047549424	-0.2539900131963506	-0.9657471434500322	0.05311805827231192	0.9066328747282535	-0.25685378337221215	-0.3347281948527252
2981	2526227668.0	0.334047930686618	-0.02962197296976435	0.942090504527759	-0.26067894274397296	-0.9634236910915304	0.06213920061809808	0.9057916254933434	-0.2663406280704285	-0.3295515149793378
2982	2526244335.0	0.3287282114874601	-0.025926702419432485	0.9440686251930577	-0.2725688387362431	-0.9596908935695638	0.06855375226512478	0.9042366897678018	-0.2798592412290622	-0.3225442821946499
2983	2526261002.0	0.3217636198224844	-0.024454083158781365	0.9465041842356511	-0.28764876630667147	-0.9549411141485695	0.07311399148548159	0.902067824612419	-0.2957861834595263	-0.3142994964575441
2984	2526277669.0	0.3135379522680818	-0.024648365040256998	0.9492557140140798	-0.3018092280121144	-0.9504130005357513	0.07500878814753348	0.900336127440341	-0.31001223607056594	-0.3054296500215035
2985	2526294336.0	0.30596998457742536	-0.024872139216191136	0.9517162104474739	-0.31042586218549006	-0.947631593006286	0.07503431230286511	0.9000100847346573	-0.31839557256214973	-0.297667779157798
2986	2526311003.0	0.30252534889638794	-0.024909134520737508	0.9528157997706309	-0.31269717919352885	-0.9469244979316547	0.07452831234701585	0.9003881870612971	-0.3204895165747423	-0.29425768021609744
2987	2526327670.0	0.3022438382248712	-0.025527445000196686	0.9528887720016748	-0.3085171092494224	-0.9484557713914867	0.0724488993329756	0.9019234200060877	-0.31587972278375465	-0.2945405662698781
2988	2526344337.0	0.3039897868558867	-0.025158277230496157	0.9523430424873729	-0.30181907847268896	-0.9507008206518165	0.07122635384364001	0.9036013796786775	-0.3090873835968657	-0.29659658788333104
2989	2526361004.0	0.308242377353435	-0.026571165639551975	0.9509367013424491	-0.3099109979998907	-0.947883710389554	0.07397056777424427	0.8994119246053026	-0.31750660581267875	-0.300412624806445
2990	2526377671.0	0.3139895695434815	-0.029151821087164326	0.9489787782375333	-0.3220974166530162	-0.943521741586874	0.07758851292765989	0.8931202631243749	-0.3300255967045199	-0.305645711758685
2991	2526394338.0	0.32233938169027737	-0.029690682222379	0.9461584362043705	-0.3230910414081785	-0.9429394854087904	0.08048171108260987	0.8897805920412677	-0.3316377394781475	-0.31353932413736557
2992	2526411005.0	0.33266697864466865	-0.028561765981306164	0.9426117476689204	-0.31907118060422557	-0.9440005795618572	0.08400290170406782	0.8874267648810539	-0.32870523468741225	-0.3231510570334562
2993	2526427672.0	0.3436227753369327	-0.027576846115645676	0.938702778214733	-0.31721900496104394	-0.944224883440733	0.08838253437676194	0.8839092097954797	-0.3281446130133	-0.3332050746748655
2994	2526444339.0	0.35433992935586467	-0.030599340377173684	0.9346159076500695	-0.32530390185891783	-0.9410723472248232	0.09252139603424561	0.8767100922764861	-0.336818226432662	-0.3434135938534053
2995	2526461006.0	0.36450628789294043	-0.037651500289993645	0.9304394287713854	-0.3425886850180356	-0.9345271880271685	0.09639464578308757	0.8658915399656718	-0.3538944748988692	-0.35354001421611625
2996	2526477673.0	0.3766076797345492	-0.04366255338249489	0.9253433076415911	-0.35966741801846697	-0.9274201891282015	0.10262134872111464	0.8537013552647607	-0.37146382627320806	-0.3649775634057242
2997	2526494340.0	0.3894529760742424	-0.04939781627217879	0.9197207376016131	-0.37620315295142975	-0.9199975574746995	0.1098894078152643	0.8407125353747964	-0.3887985982332322	-0.37687940097006467
2998	2526511007.0	0.4014679169011254	-0.055280509149736756	0.9142032470994711	-0.39009917876252526	-0.9134269844248859	0.11607659046191085	0.828641142128409	-0.40323096288926613	-0.38827650989922236
2999	2526527674.0	0.4120424285376215	-0.06037963221789572	0.9091618871785436	-0.3994566841313515	-0.9087736939074764	0.12068442635463025	0.818935525293417	-0.4128978969127745	-0.3985723675035729
3000	2526544341.0	0.42260386750769463	-0.06578974794530232	0.903923492466499	-0.40523349269758363	-0.905829397674995	0.12352699585059781	0.8106736628037553	-0.4185030601716666	-0.40946721610318676
3001	2526561008.0	0.43227241493044266	-0.07121001184104264	0.8989269678365432	-0.41156430659908644	-0.9025711317248688	0.1264127118232279	0.8023436799924433	-0.42461098241859896	-0.41946410190348327
3002	2526577675.0	0.4413082999588934	-0.07596368140135801	0.8941344996673286	-0.4186390399820765	-0.8987613842838122	0.13026637449138842	0.7937180472877483	-0.4318072408241881	-0.4284322212223597
3003	2526594342.0	0.44929917542074	-0.07989905963907426	0.8898013212144804	-0.42296967325092594	-0.8963165078154409	0.1330915975091508	0.7869097193936851	-0.4361569191086214	-0.4365091470260703
3004	2526611009.0	0.45649591837084036	-0.0822155487449222	0.8859187773466227	-0.42406135008552026	-0.8954530411565136	0.13540983142740154	0.7821658697964322	-0.4374979481416146	-0.4436350949794982
3005	2526627676.0	0.4631806016196977	-0.08349838332846393	0.8823217951885514	-0.4242944310514633	-0.8949403330316756	0.13804360214029826	0.7780989436195953	-0.4383033427829255	-0.4499469009154117
3006	2526644343.0	0.46957921050050433	-0.08363987422340216	0.8789196416656173	-0.4244261127416735	-0.8943136865132867	0.14165276184391035	0.7741820457028927	-0.4395536389963217	-0.4554500615395456
3007	2526661010.0	0.4751090967540786	-0.08301335132904722	0.8760023571216254	-0.4224393886833534	-0.8948282191157404	0.1443170854853534	0.7718913842441553	-0.4386242603587637	-0.4602091363221394
3008	2526677677.0	0.4794928820902046	-0.08143582262492063	0.8737589958439522	-0.4197088374772652	-0.8957017883678968	0.14684276644776925	0.7706692336977724	-0.4371344336791075	-0.4636619664407835
3009	2526694344.0	0.48261014260471935	-0.07934380672192193	0.872233919651103	-0.4178981143263884	-0.8960733475246243	0.14971213009794015	0.7697068378918699	-0.4367575027299337	-0.4656117132457157
3010	2526711011.0	0.48482149351121684	-0.07768946684673944	0.8711558219805586	-0.4166062628066895	-0.8963031905901571	0.15192041445489932	0.7690171267402287	-0.4365832535484776	-0.466912969943253
3011	2526727678.0	0.48641347430915516	-0.07679522253450552	0.8703473018320746	-0.4158563829782233	-0.8964138472445969	0.15331563261588727	0.7684174651494889	-0.4365142704013423	-0.4679635573302879
3012	2526744345.0	0.4874727901836423	-0.07631119114682144	0.8697970343340613	-0.4147849769917516	-0.8968304470269619	0.15378092257289874	0.768325257747347	-0.43574275827737297	-0.4688331759979239
3013	2526761012.0	0.48835372774308083	-0.07602962327989463	0.8693274026414644	-0.4136277487178537	-0.8973478683391154	0.15387946152052218	0.7683896941591795	-0.43472554510997286	-0.46967113849884334
3014	2526777679.0	0.48909336481049437	-0.0761539586787505	0.8689006013784915	-0.41446137583372483	-0.8968230277160536	0.15469397176434083	0.767469509778965	-0.4357855338762016	-0.4701930667543595
3015	2526794346.0	0.4896231745797114	-0.07621499149295757	0.868596812097658	-0.4160138220924367	-0.8958958983080787	0.15589432068809844	0.7662908369167207	-0.43767775185230695	-0.4703578837342716
3016	2526811013.0	0.49011326276962436	-0.07585756418598644	0.8683516681696889	-0.418091307709801	-0.8945891723759523	0.1578286130117626	0.7648455060172747	-0.4404041809786519	-0.4701654063217552
3017	2526827680.0	0.4902328570987343	-0.07524363387998756	0.8683375734018116	-0.41913164696313987	-0.893864153040088	0.1591714120811027	0.7641991941469044	-0.4419788133728366	-0.46973856579459333
3018	2526844347.0	0.4896356815978925	-0.07481121502968222	0.8687117942171326	-0.41998961220156883	-0.8933513940408855	0.1597873975255316	0.7641110030283185	-0.44308754086634966	-0.4688366519162807
3019	2526861014.0	0.48894653204570343	-0.0739999341960817	0.8691693152311901	-0.42228670808481544	-0.8919383334797563	0.16161666202543978	0.7632858081841756	-0.44606055531545374	-0.4673593435637071
